Alice
Ben
Ian
Frank
Claire
Emma
Helen
Mark
Gerald
Nancy
Noah
Connor
David
Stacy
Jennifer
Megan
Chris
Patrick
John
Jenny
0 0 33 0 0 0 0 0 19 0 53 0 0 0 85 0 0 43 65 62 
0 0 0 89 0 0 0 0 0 0 0 50 33 32 0 28 63 0 0 0 
33 0 0 0 88 0 61 47 0 0 0 0 0 12 80 0 0 0 18 76 
0 89 0 0 22 25 0 0 91 0 86 9 58 0 0 0 0 0 0 0 
0 0 88 22 0 0 26 87 69 0 2 57 0 0 0 30 15 68 57 18 
0 0 0 25 0 0 94 50 0 0 57 0 0 0 17 0 0 31 0 58 
0 0 61 0 26 94 0 60 2 0 0 0 0 0 0 33 0 0 0 0 
0 0 47 0 87 50 60 0 0 0 0 90 0 0 0 0 0 38 0 44 
19 0 0 91 69 0 2 0 0 62 0 0 0 0 0 0 0 0 0 0 
0 0 0 0 0 0 0 0 62 0 0 0 0 0 0 39 0 85 0 0 
53 0 0 86 2 57 0 0 0 0 0 0 0 2 0 0 0 0 0 0 
0 50 0 9 57 0 0 90 0 0 0 0 68 0 0 0 0 0 0 83 
0 33 0 58 0 0 0 0 0 0 0 68 0 0 0 0 0 0 0 0 
0 32 12 0 0 0 0 0 0 0 2 0 0 0 0 0 41 0 1 0 
85 0 80 0 0 17 0 0 0 0 0 0 0 0 0 81 0 0 74 72 
0 28 0 0 30 0 33 0 0 39 0 0 0 0 81 0 0 23 31 0 
0 63 0 0 15 0 0 0 0 0 0 0 0 41 0 0 0 0 0 0 
43 0 0 0 68 31 0 38 0 85 0 0 0 0 0 23 0 0 0 0 
65 0 18 0 57 0 0 0 0 0 0 0 0 1 74 31 0 0 0 0 
62 0 76 0 18 58 0 44 0 0 0 83 0 0 72 0 0 0 0 0 
